((("israw" .
   [1 0 0 1 0])
  ("mat" .
   [1 0 0])
  ("a_rs" .
   [1 0 0 0])
  ("arcsin" .
   [1 0 0 0 0 0])
  ("savefig" .
   [1 0 0 0 0 0 0])
  ("ylabel" .
   [1 0 0 0 0 0])
  ("xlabel" .
   [1 0 0 0 0 0])
  ("elem" .
   [1 0 0 0])
  ("plot" .
   [1 0 0 0])
  ("clf" .
   [1 0 0])
  ("legend" .
   [4 0 0 0 1 0])
  ("title" .
   [3 0 1 0 0])
  ("label_y" .
   [1 0 0 0 0 0 1])
  ("label_x" .
   [1 0 0 0 0 0 0])
  ("label_t" .
   [1 0 0 0 0 1 0])
  ("vys" .
   [1 0 0])
  ("xss" .
   [1 0 0])
  ("relative_positions" .
   [0 0 0 0 0 0 0 0 0 1 0 0 0 0 0 0 0 0])
  ("vzs" .
   [2 0 0])
  ("vxs" .
   [2 0 0])
  ("zs" .
   [2 0])
  ("ys" .
   [2 0])
  ("append" .
   [2 0 0 0 0 0])
  ("rlis" .
   [1 0 0 0])
  ("llis" .
   [1 0 0 0])
  ("xs" .
   [3 0])
  ("relative" .
   [0 0 0 0 0 0 0 1])
  ("lis" .
   [7 0 0])
  ("y_max" .
   [0 1 1 0 0])
  ("pylab" .
   [8 0 0 0 0])
  ("sec_c_r" .
   [1 0 0 0 0 0 0])
  ("sec_a_r" .
   [0 0 0 1 0 0 0])
  ("section_c" .
   [4 0 0 0 0 0 0 0 0])
  ("section_b" .
   [3 0 0 0 0 0 0 0 0])
  ("raw_l" .
   [5 0 0 0 0])
  ("section_a" .
   [2 0 0 0 0 0 0 1 0])
  ("raw_r" .
   [2 0 0 0 0])
  ("xrange" .
   [1 0 0 0 0 0])
  ("raw" .
   [2 0 0])
  ("sample" .
   [4 0 0 0 0 0])
  ("end" .
   [1 0 0])
  ("freq" .
   [2 0 0 0])
  ("start" .
   [1 0 0 0 0])
  ("r" .
   [1])
  ("map" .
   [2 0 0])
  ("zero" .
   [1 0 0 0])
  ("double" .
   [1 0 0 0 0 0])
  ("include" .
   [5 0 0 0 0 0 0])
  ("iostream" .
   [0 0 0 0 1 0 0 0])
  ("std" .
   [5 0 0])
  ("int" .
   [4 0 0])
  ("main" .
   [2 0 0 0])
  ("argc" .
   [1 0 0 0])
  ("i" .
   [7])
  ("char" .
   [2 0 0 0])
  ("argv" .
   [6 0 0 0])
  ("return" .
   [9 0 0 0 0 0])
  ("cout" .
   [5 0 0 0])
  ("endl" .
   [1 0 0 0])
  ("if" .
   [9 0])
  ("c" .
   [2])
  ("string" .
   [2 0 0 0 0 0])
  ("a" .
   [5])
  ("mode" .
   [2 0 0 0])
  ("else" .
   [2 0 0 0])
  ("debug" .
   [3 0 0 0 0])
  ("debug_out" .
   [0 0 0 0 0 2 1 0 0])
  ("from" .
   [1 0 0 0])
  ("numpy" .
   [2 0 0 0 0])
  ("import" .
   [1 0 0 0 0 0])
  ("identity" .
   [1 0 0 0 1 0 0 0])
  ("matrix" .
   [3 0 0 0 0 0])
  ("identity4" .
   [2 0 0 0 0 0 0 0 0])
  ("cos" .
   [2 0 0])
  ("rad" .
   [4 0 0])
  ("rot" .
   [6 0 0])
  ("put" .
   [6 0 0])
  ("sin" .
   [2 0 0])
  ("elif" .
   [3 0 0 0])
  ("axis" .
   [2 0 0 0])
  ("d" .
   [2])
  ("b" .
   [1])
  ("m" .
   [8])
  ("print" .
   [3 0 0 0 0])
  ("def" .
   [7 0 0])
  ("t" .
   [1])
  ("x" .
   [1])
  ("rotate_local" .
   [0 0 0 0 0 0 1 0 0 0 0 0])
  ("l" .
   [3])
  ("deg" .
   [1 0 0])
  ("translate_world" .
   [0 0 0 0 1 0 0 0 0 0 0 0 0 0 0])
  ("gen_matrix" .
   [0 0 0 1 2 0 0 0 1 0])
  ("pi" .
   [1 0])
  ("user_comp_matrix_r" .
   [0 0 0 0 1 1 0 0 1 0 0 0 0 0 0 0 0 0])
  ("channel" .
   [4 0 0 0 0 0 0])
  ("master_src_comp" .
   [0 0 0 0 1 1 0 0 0 0 0 0 0 0 0])
  ("user_comp_matrix_l" .
   [1 0 0 0 0 0 0 0 0 0 0 0 0 0 0 0 0 0])
  ("pass" .
   [2 0 0 0])
  ("filename" .
   [1 0 0 0 0 0 0 0])
  ("readfile" .
   [2 0 0 0 0 0 0 0])
  ("for" .
   [7 0 0])
  ("in" .
   [8 0])
  ("matrix_list_r" .
   [0 0 1 0 0 0 0 0 0 0 0 0 0])))
